4.161197
-97.282326
-57.409893
10.359514
134.289062
-98.481705
60.669281
-82.074951
-1.570174
-112.590408
-124.831383
-33.111057
-66.830956
-39.584030
145.037704
10.615862
79.703667
43.942078
80.143135
84.070854
96.888634
-104.423660
37.643051
-55.597095
-45.928833
125.160995
5.928218
-29.650255
32.030708
85.627304
129.464096
110.979027
109.962776
52.356022
77.524635
24.568928
-33.230076
-43.310345
-89.930420
98.078850
-25.228125
-10.945460
143.755905
-112.068542
-86.213264
137.539291
71.243942
-27.288124
84.034233
77.368996
137.054047
-141.576889
-54.379410
77.085182
-77.103485
26.866972
-136.980804
136.815994
-54.260384
-132.192444
-17.436754
124.510933
21.675772
-114.348274
20.934177
-74.384293
-1.240575
-78.980377
-6.907868
-28.176212
111.903748
-21.913818
-42.532120
-35.409103
-137.054047
-101.823479
6.706434
58.975498
-120.876183
-29.750973
82.029175
-76.554153
-47.155674
-81.003754
-60.641804
-58.636738
116.161072
-139.004181
45.342869
-30.419327
52.887047
69.779045
131.340973
-80.014954
101.548805
140.166931
83.594780
-20.549637
52.227848
92.814407
-102.372818
-66.034424
-109.404282
109.257782
75.061798
-87.604904
-108.012634
-61.621445
90.845970
-84.318069
18.929100
64.679398
-90.736107
146.951202
-74.988556
-20.815149
76.581627
108.278152
118.440804
143.426315
-31.380657
-20.339056
-111.857971
-12.694171
-78.650780
145.815918
45.846428
31.270784
-77.433090
-13.536483
86.991478
-126.360359
-7.081819
-104.222237
-76.279488
133.501694
34.209717
146.456802
-6.816307
89.912102
73.258156
-35.784477
-6.028935
8.070623
-120.574051
28.267765
-45.846428
-106.996368
83.860283
63.296913
-16.154972
61.374252
-121.407211
138.848541
15.395058
72.077087
23.708296
41.360218
84.501175
-93.629257
-59.369186
-65.155487
55.203403
-62.125004
19.615763
-24.468220
-58.023315
-16.640219
19.707335
-3.621018
31.994087
-25.246435
-110.878326
-73.212379
-139.278854
143.133331
-115.648369
-36.581013
44.015320
-44.866787
15.916925
-42.477188
19.634092
-7.310709
-100.898773
34.566792
-98.353523
16.411327
-62.335583
111.647400
100.523399
103.471489
118.660553
28.432577
12.172312
-99.543747
46.487312
57.153545
-70.850250
-117.992188
94.480721
-92.594681
-23.012486
-44.445633
101.768555
-108.800011
-71.198158
-96.824547
-6.028935
-35.949280
1.451147
0.828570
-44.427322
7.676929
-113.817253
5.864131
32.140572
69.870598
17.061371
-46.761990
90.589622
27.297289
-69.925537
51.202423
15.642267
86.680199
116.316727
117.003395
-129.573959
90.177620
122.212906
43.237103
-100.459305
-59.598068
-100.120544
-64.450516
102.592545
10.899693
-139.095734
-87.842957
-143.636887
-42.559586
36.443676
6.010616
13.811159
-103.901787
97.007668
-140.002136
-142.217773
-36.562702
34.896397
-143.884094
37.972660
124.565880
-37.560654
68.836014
-31.252483
144.680618
29.183329
-116.307564
-83.521530
89.756462
111.198769
71.472824
-145.916626
71.866516
-24.495686
-41.387672
-88.831749
-95.057526
-127.120277
-115.337074
-102.262947
86.478783
-137.896362
87.192909
29.705196
-29.219950
-81.287575
-95.158241
34.292133
-50.433361
31.545460
139.233078
-36.581013
-94.682152
-59.973450
-133.748886
-106.794945
-146.868805
115.456100
137.411118
37.771225
136.687820
39.309364
-138.262573
-44.610428
-106.099121
-118.193611
-90.772728
-124.822227
-141.952271
133.721420
125.893433
122.396011
109.688095
-105.320900
-98.463394
-129.537338
45.306248
71.060822
-119.273964
-101.997437
-121.810051
-113.487656
-142.611465
78.696548
137.090668
-141.631821
43.978699
-117.589340
-21.620840
-57.080296
-144.424271
115.593430
77.359840
2.861112
-100.267036
78.879669
114.256721
-0.132751
112.544632
70.438240
-79.493088
-134.517960
31.646168
112.791824
1.203954
53.518780
146.823029
31.435596
-1.094091
26.921904
118.651375
-136.614578
114.860985
-117.534409
6.038082
23.653364
-147.024445
-33.880127
-6.862083
-92.118599
2.366710
82.505264
-43.685719
59.332554
123.842583
51.284836
61.731308
-21.932129
-143.728439
-86.112556
134.279907
0.846881
-91.724907
43.420208
-111.610764
-70.520645
-49.188210
61.108734
-138.564713
136.083557
76.425972
112.306595
40.197460
-76.938690
40.737640
105.146942
-78.788109
66.290779
-48.236034
-134.939117
-4.499951
119.246506
-77.314064
8.253729
-1.661736
106.520287
-46.230965
-112.846764
-85.343491
-115.355385
-41.039764
-88.804283
-19.176302
98.490860
2.916044
95.854065
-26.784567
111.189613
63.901180
43.063133
24.431599
135.973694
-11.668754
6.331068
-42.376480
-52.264469
-147.363205
143.462936
-20.384842
-97.282326
-102.189705
10.112304
23.451948
-55.752735
-47.457809
-102.656639
-19.029818
-77.204201
-89.564194
66.144295
-83.951843
-91.615036
-23.058262
82.267212
99.168365
-76.480911
-148.379471
4.261905
-46.203499
-125.289162
61.484116
-71.893974
-44.555496
10.835588
110.740990
-58.755764
-126.223030
-13.719598
-37.011318
-10.588396
98.564102
-142.812897
121.141701
-90.708641
40.005184
-111.217079
-79.227577
30.071407
44.189270
101.951660
102.766495
-102.922150
-85.920288
37.221909
-19.569996
20.641190
-123.073517
-35.729546
67.224655
3.245652
88.474686
115.025780
-119.786674
48.117004
14.763326
68.506424
-14.635152
102.427750
82.148193
-34.337898
99.845871
38.155766
35.967583
-17.921993
-82.642593
-76.242867
-1.203954
36.864834
-128.173157
-110.145882
-131.423386
65.878769
105.275131
141.897339
47.549362
137.191376
-44.692837
23.058254
42.376472
137.163910
128.136551
-19.478434
26.189465
105.165253
-27.636034
-61.932735
103.288361
44.949192
119.548630
28.386784
-33.184299
-9.004489
-93.134865
-112.059387
-9.599599
57.867676
147.738571
67.801453
144.085510
50.625622
65.805527
-36.754963
-124.639122
-135.406052
-141.879028
15.651423
145.880005
-47.567673
103.059479
-110.676903
-35.647148
86.753441
-121.562851
76.929527
6.532484
-103.654594
105.833618
136.083557
-37.459946
4.234439
-113.725700
110.740990
102.546768
45.489372
143.380539
140.185242
1.048315
-106.840721
-60.852386
8.812219
110.768456
70.319221
78.394424
-60.074158
26.381725
-123.741875
-32.882164
-113.469345
29.091776
5.269021
-59.204380
122.414322
52.374332
85.709702
127.843559
86.442162
-40.316479
17.894537
-35.876030
83.375038
74.686417
38.595234
-75.867493
94.242683
-145.330673
-9.489727
-15.715509
-0.617999
-52.282780
-75.263222
-15.898615
-32.653275
124.346138
114.329964
0.929296
-87.321083
124.089790
-92.860191
-96.339310
75.867477
107.875298
96.092102
101.274147
128.392899
-43.447674
134.856720
-48.364208
56.146431
106.483665
-22.756130
46.404915
-75.684380
-137.511826
-31.655323
37.368393
-23.241367
79.181793
-134.472183
20.155943
-26.812040
-149.157684
17.436754
140.734573
117.040016
100.972008
79.163483
140.386673
77.442238
111.592445
91.642502
104.780731
-41.918697
-116.490677
-96.549881
-67.178864
16.466259
67.645798
-36.892300
-9.215060
-13.719598
58.371235
59.973442
-132.576981
-93.610947
89.371941
-58.032471
95.799118
9.315777
122.679825
-111.848816
-142.849518
72.360901
-128.511917
64.258255
32.781456
-15.312660
-52.612389
39.455849
119.328903
133.245331
72.598961
-7.713551
-126.854759
60.751678
47.924744
-115.977966
-100.541702
-1.039159
17.015594
-72.470772
51.834152
130.178223
17.418444
129.784531
57.592999
80.225533
-140.670486
136.046936
34.914707
96.009705
-77.597893
-145.898315
-82.917267
110.795921
11.339146
-13.673821
-50.360119
-49.810783
-139.004181
-52.026432
75.977364
-117.735832
-68.561356
99.726852
77.039391
-35.454880
83.668022
72.580650
80.802330
91.331223
-123.339027
113.304535
6.999421
94.297615
-123.659477
-71.527756
-37.075417
-0.480670
-82.944733
-144.717239
-144.186218
94.114510
6.202894
37.240219
-62.619408
5.497903
112.700272
32.882164
-53.692738
46.588039
29.824215
-64.404739
64.157524
129.821167
53.106792
32.726524
-149.624619
103.297516
63.901180
82.038330
-127.935120
112.169250
-140.789520
33.733643
94.087044
38.256474
118.468269
-23.982971
45.077366
-78.833885
-52.191227
-67.481003
-74.777977
113.991219
-7.438883
-10.460222
-128.914764
76.636559
-141.503647
-118.715477
143.417160
-39.968563
32.479317
11.329990
53.335674
-15.697199
43.163860
38.192387
-107.316811
-36.068298
52.420109
3.447068
84.144119
-16.841635
17.903692
130.251465
16.530346
74.759674
17.729723
70.474861
81.305893
-94.865265
77.488014
28.725546
75.482956
-80.857262
90.589622
41.103851
-113.112274
147.454758
-27.690973
137.044891
127.220985
-70.191048
38.238163
62.308109
-71.417892
-142.721329
-52.154606
91.148117
69.138161
-113.487656
103.636284
105.970947
-56.503494
29.146708
-53.381451
-27.608568
143.408005
-30.355240
38.705097
-111.967834
64.505447
114.549690
-27.379677
132.979828
-95.432899
126.213867
-99.992371
100.157173
69.083229
144.341858
118.303474
-66.235847
149.606308
148.324524
-93.015839
-146.218750
90.617088
-36.571857
-46.020386
-105.256813
10.515154
-135.763123
-37.395859
-63.113800
92.255920
78.073975
-20.146795
57.867676
9.416485
41.909554
36.608471
-116.966766
-96.797081
-84.373001
40.380566
-37.514877
-23.918884
104.927216
-88.804283
-46.954250
117.589348
96.833702
101.301613
-66.812645
-71.939758
-138.912628
89.243744
-70.850250
-44.235054
20.540482
89.051483
80.252998
13.225204
143.417160
-35.015415
121.626953
-111.848816
61.035492
-7.283244
12.474436
114.860985
-36.379589
-142.757950
87.907043
21.547598
-22.261726
-71.481979
-137.411118
19.240396
78.174683
5.104226
-135.744812
-52.035587
137.557602
-133.281967
-74.805443
145.733521
66.803490
126.140625
109.926155
55.999947
149.533066
-78.879662
107.078773
139.306320
23.488569
137.090668
-36.278881
104.560982
12.208933
0.975072
90.131844
125.692017
-39.986874
-62.912384
113.231293
-140.707108
-126.625877
25.457006
-93.235573
128.914764
-78.046509
53.363140
-23.598442
-8.601639
-97.721794
100.651573
27.773363
51.367233
-82.789085
149.441513
95.725876
-61.127052
-25.548569
58.929722
62.738426
-83.585625
-42.989902
-104.194771
144.836258
-69.541000
68.955055
-139.022491
-27.095854
73.468727
-90.580460
103.196808
47.695847
-28.139591
-121.874146
-39.785458
-103.425705
-134.463028
65.393539
-81.809441
10.194701
-5.323953
29.897457
129.747910
87.046425
-140.661331
17.244476
-18.471327
64.313187
-32.369453
122.487564
51.806686
62.884911
137.850571
49.682610
148.709076
24.761189
-29.531237
-128.301346
-130.260620
-29.027679
55.395679
-56.677444
-126.735741
-141.879028
-69.742424
70.758698
102.455215
-38.247326
55.249180
-9.251690
52.456749
-135.515915
-79.776909
62.427147
21.337009
-22.765285
149.670395
24.916845
35.427402
71.573532
121.077614
123.915825
-110.283211
-48.702961
-137.493515
60.303051
-6.047246
41.415150
144.827103
64.047661
-135.113068
122.643204
-65.713974
146.319473
-44.354073
-10.533464
121.132545
33.101891
62.454613
-39.877010
89.747307
33.376568
-0.370798
-83.741264
-53.894161
-54.992832
-16.658529
-99.278236
67.975403
-148.608353
114.760277
51.522873
-6.321913
-87.833801
3.263962
-100.138863
14.937276
0.819415
20.329910
-89.161354
-10.606707
-107.316811
124.657433
-105.668808
-61.429184
-43.887146
149.267563
-135.204620
-53.262432
50.158703
-108.900719
77.652832
26.390881
-118.202766
-106.190681
120.619835
-134.014404
25.905632
64.331497
88.016907
25.521111
-39.034698
13.802004
116.280090
-4.472485
123.796806
63.653988
108.626053
85.288559
136.303299
-92.741173
127.193520
-144.332718
-92.558060
-132.091736
-19.386881
62.335575
-36.443676
-56.302071
-14.690084
-75.006866
-89.976196
79.932549
-71.573532
-11.842704
77.634499
-140.249344
10.780657
-10.817286
-143.481247
-146.520889
-102.290413
-100.825523
-128.969696
117.433693
-43.887146
-147.683640
-1.524398
-117.278053
-94.288460
-70.648819
84.931488
-75.208290
-137.246323
10.753191
-138.720352
-45.837273
-95.835747
65.265350
112.627029
19.157999
130.315552
-110.594498
103.956718
61.108734
54.654068
-136.376541
-84.373001
12.794888
-101.887573
-59.396652
-8.647424
-19.386881
-83.439133
-68.552200
-47.878960
-98.829620
39.410072
105.394150
78.998688
12.950527
147.418137
68.552200
18.013556
33.596294
-32.030697
37.405014
-89.719841
-116.472366
115.785706
72.672203
0.407428
146.465958
-42.733543
-110.869171
26.299328
7.402271
126.680801
-92.960907
143.664352
-141.073334
-27.910700
-139.196442
-111.940369
16.154980
-140.560623
130.480362
-72.104553
31.151766
112.672806
11.705375
111.290321
-52.584915
-81.873535
-110.100105
60.000908
-115.044098
-28.643148
33.962524
13.637191
-103.242592
-105.595566
-24.495686
77.121803
87.064735
-98.252815
-111.070587
74.549088
-67.783134
142.959381
138.253433
-37.267677
94.755402
0.306720
105.980103
7.402271
-28.835409
69.330421
-29.998165
75.144196
-35.857719
100.532555
-56.155586
-55.615406
-80.170601
130.370483
46.075325
-11.558882
20.806004
-120.418411
14.442891
-66.318245
75.226593
47.091579
30.318619
146.118042
-106.968903
-22.563860
69.202248
149.304184
-10.423601
130.077515
42.715233
26.976835
-92.493973
-71.509445
47.915588
13.270980
-2.668843
17.354357
-110.594498
23.754089
47.521896
105.760361
-109.999390
130.480362
4.554892
-75.208290
55.359043
134.041870
73.679314
-122.551651
-91.569260
135.882141
40.920746
-90.983307
-40.673546
-36.141541
-92.933434
76.169624
-74.036377
-45.699944
-125.856804
142.757965
71.536911
43.639935
-24.962612
-119.493698
-125.975830
-27.315590
86.964012
102.757339
93.711662
-43.227947
19.304483
109.230316
54.031490
124.858849
116.545609
-29.824215
101.658669
-119.402145
-33.266705
27.855778
-138.811920
-11.201817
-143.536179
43.484295
-149.670395
139.947205
-137.493515
-32.122261
70.877716
-103.590500
21.199680
-36.187328
141.448700
-26.912748
65.832993
-141.686752
-12.602618
55.780201
72.992653
-147.106842
-46.469013
10.359514
-91.862236
-30.053106
-44.619583
85.938606
11.375767
63.415932
134.517975
65.073090
-86.213264
-28.148746
-66.418961
-135.863831
25.118261
141.933960
-143.224884
37.093716
83.301796
-99.360634
131.194489
-114.394058
106.630150
4.234439
-65.210426
28.835409
-61.008026
42.037727
106.675926
-64.175850
-71.033356
23.277998
105.128632
-26.216921
33.275860
25.054174
-70.868561
-24.724567
-114.723656
29.540384
-130.919830
-22.499773
119.255661
128.603470
102.088989
-63.260292
-9.270000
-76.096375
-102.272102
-128.850677
-15.999332
0.654620
-50.195316
-64.990692
-53.033539
103.096100
99.534592
77.506325
-55.743580
-110.118416
-133.831299
-10.780665
69.101540
-102.482681
50.369274
-110.539566
104.606781
-110.200813
-73.999756
-142.455826
75.107574
21.684927
-13.847772
61.090424
-121.846680
-104.615921
-41.186256
-115.456100
-62.179935
37.093716
-42.101814
111.088905
-130.169067
-27.764215
-114.751122
-139.150665
99.388107
127.605522
149.295029
-61.163673
121.984009
-61.786251
15.825373
95.469528
148.187195
-12.648395
-43.227947
52.932823
122.643204
-42.422256
112.315750
-99.452194
-141.705063
-78.861351
32.140572
112.150940
-23.809013
47.631760
-88.483841
88.648636
-108.507034
-42.706078
87.577431
-21.007420
36.608471
-2.156129
-88.337349
-117.516098
61.639755
-26.903593
-36.736652
-14.278087
-96.861168
1.515251
21.172215
-62.784203
-38.357189
-67.343674
57.464825
112.837616
78.522598
-100.102234
-29.979855
75.199127
-147.042755
-62.701805
-80.930504
-119.896545
-10.368660
38.879047
-16.447948
133.245331
17.519152
88.447220
102.720718
-149.908447
-129.216888
138.042862
-81.186867
22.408211
72.141174
-136.953339
86.323128
-55.844299
-90.653709
72.370079
-136.605423
-99.763481
45.562614
1.423681
51.202423
-29.027679
-45.992920
-133.611557
96.723839
-144.460892
-82.184822
7.686085
-75.382248
-32.461014
85.416733
100.779747
113.917961
5.662715
22.243416
-37.395859
-115.117348
52.731407
-50.570698
31.508839
12.108225
106.227295
-90.086060
49.032570
-71.069984
93.263039
-147.170929
21.520132
39.291054
-126.589249
-123.403122
-110.237434
2.357554
82.230591
21.483511
-115.190590
105.613876
18.764305
52.191227
97.950676
92.063660
30.135494
121.068459
43.136395
-142.794586
96.357605
52.685631
39.950253
-18.718529
-31.618702
-59.753716
95.103302
-87.440109
62.665184
94.636383
-89.234596
-132.815033
65.292816
36.452831
-102.189705
61.301010
148.773163
-27.919855
-78.064819
40.948212
-45.342876
-56.027405
-138.958405
125.536362
-54.855492
96.055481
-98.142952
-69.687492
-23.305464
-55.240032
-146.145508
-116.325874
-1.094091
96.449181
-91.221352
104.725800
131.624817
101.576271
23.735779
-143.188263
-76.407669
86.552025
56.091499
42.815941
45.626701
-146.319473
-71.774956
-42.550430
-78.559219
89.948738
-149.716171
62.591942
-50.598164
-24.889370
-120.894501
-99.067657
18.123419
29.998165
41.332752
-86.094246
-30.822166
-4.701376
-1.011685
-120.812096
10.020751
-18.214972
85.535751
33.632915
130.196533
82.340469
-9.508038
-2.861112
124.007393
86.579491
-79.044464
63.168739
-127.239296
-111.372719
-82.139046
-28.551588
-10.295418
128.740814
55.331577
28.542440
80.756554
59.158604
-98.884552
-8.098089
124.236275
-24.761196
-33.623772
-16.988129
122.624893
102.098145
-77.304909
45.242161
-70.484024
-22.426531
-85.242775
-87.907043
104.927216
122.130493
46.578865
101.438942
2.000481
136.239212
-130.535294
-98.792992
-61.676388
116.042053
149.963379
-37.432480
54.937901
127.651299
45.672478
-34.310432
16.118359
130.993073
67.352829
-25.850700
-46.835232
-106.382942
55.148472
143.408005
-94.764549
85.206146
147.262482
-101.072723
-39.638962
-106.694237
-30.849632
-50.195316
149.798584
-148.864716
121.306496
-146.786407
-101.191750
117.699211
-6.184575
-104.451126
-12.932217
-98.756371
-114.156013
5.754268
-78.339485
-33.513897
-41.946163
-33.468121
-23.982971
116.142761
96.183655
-60.989716
-102.299568
-112.407295
113.917961
-133.510849
-61.676388
55.276646
-126.900543
73.001808
108.635208
-20.879236
-50.497448
122.075562
11.897635
90.205086
22.115242
51.641891
-41.195412
53.729366
114.357430
-149.597153
16.859955
100.257881
65.027313
91.560104
97.520363
-34.310432
-42.651146
-110.795921
134.124268
-69.275490
-115.886406
-106.566055
-146.227905
-99.726860
-22.920925
-110.676903
-103.672905
113.606682
-21.236301
-84.180733
-116.481522
25.740837
-115.263832
-130.159912
-8.555862
-149.240082
34.585102
-88.538773
129.464096
107.737968
79.538872
-64.368118
-21.291241
59.653008
5.085916
126.149780
-6.724754
-13.682977
-63.443409
-42.541275
17.198700
81.525620
105.806152
60.010063
120.427574
15.367592
107.179482
114.558861
6.816316
52.127140
20.906712
-108.626060
97.373878
-35.464035
131.945251
-100.331123
41.790516
-65.100555
22.417366
63.086342
-138.601334
-16.264843
65.952034
86.698509
76.746422
16.685986
101.768555
-68.680374
22.829372
30.053097
116.792801
-139.324631
5.177468
-134.078491
113.982063
-23.058262
-100.175484
-142.794586
94.846954
-89.527573
-149.542221
-46.624653
34.328754
79.282501
-134.371475
-132.476273
-123.741875
83.777885
69.403664
-64.688560
27.416307
-147.473068
-91.660820
126.406143
-21.684927
4.692221
-131.789612
-100.807213
28.899496
144.524979
103.196808
-60.797455
147.280792
-46.139404
131.075470
71.930603
39.547401
-1.936403
-2.714619
90.763573
-141.146576
-89.014862
-138.912628
-109.477524
-68.076111
-125.225075
-93.125710
-52.676476
131.020538
59.955132
-66.135139
35.317539
-30.455948
41.451771
-72.837006
-78.998688
49.453712
56.357002
63.489174
-74.329361
-61.520737
118.788727
-45.498516
-3.300574
5.415505
57.638775
81.040367
-21.822256
-108.497879
92.832718
121.214943
21.629995
-53.885006
-84.363846
125.637070
-72.635582
104.762421
88.740189
142.831207
-42.825096
137.649155
131.652283
47.915588
108.882416
-53.134247
107.097084
-22.161018
93.436989
-59.662163
74.027214
126.076538
5.223245
-139.407028
22.801907
0.032043
26.116222
-3.328040
58.270508
94.380013
53.939938
-143.014313
146.337784
83.164467
-3.987247
31.646168
89.582512
84.171585
118.312630
-78.019043
-52.365189
-1.716667
90.955833
65.695663
67.929626
-122.615738
20.567947
-64.423050
42.385628
-76.517532
10.231322
-59.945984
-44.317451
72.598961
37.578964
3.492844
-59.140293
-133.831299
-8.372757
-145.330673
-92.365799
63.480019
-140.908539
1.258886
-40.719322
97.813347
-99.241615
118.596443
63.599056
29.869991
-91.587570
130.892349
93.592644
-98.774681
83.146156
112.846771
3.501999
41.250336
-74.430069
90.012825
55.816822
30.336929
78.559219
65.814682
-35.079502
-127.202675
-86.909081
-146.484268
-127.101959
-117.571030
-1.963869
-58.829006
-76.764732
133.886215
144.167908
-32.296211
148.004089
-117.049164
63.351845
-61.758785
134.115112
-90.955841
-66.666161
-143.115021
-115.657524
82.724991
108.891571
-95.103302
138.665436
-88.401436
-30.263678
142.593155
-28.441725
67.755676
-53.830074
62.948997
130.974762
49.572746
112.755203
-24.861904
34.466084
-118.541519
-9.205905
46.029549
-111.803032
104.240547
-149.725327
-122.185432
44.445633
-140.496536
51.852463
149.990845
63.159584
-78.843040
-80.619217
-96.476639
93.263039
-23.021641
-116.087830
-4.197818
139.370407
13.664657
-10.505999
3.904849
129.363388
-91.788994
1.487786
4.930258
-51.330605
-121.095917
-91.843925
-89.033173
-43.273724
99.031036
55.944996
-12.767422
-48.712116
26.335949
9.205914
31.252474
96.211121
-48.474072
-125.014496
-58.655048
-21.620840
-81.250954
-116.545609
52.475060
-90.672020
21.327854
-135.387741
67.590866
37.176113
-74.219482
111.931213
62.646873
-115.373695
127.330849
-126.461075
-6.669822
-121.498764
89.930412
61.548203
-18.279058
-13.499862
-25.978884
120.189514
-89.097260
26.876127
-94.920197
143.334763
5.754268
66.492195
-113.817253
-17.894527
27.974796
73.093361
7.512135
133.117157
-36.489460
-62.839134
-143.792542
47.970520
130.462051
-70.712906
79.419853
-145.257431
-14.369639
8.391058
-96.156189
-68.030334
-142.126221
146.566666
-135.113068
125.774414
86.268196
86.204109
-51.550339
-49.188210
-8.711511
94.965973
-1.487777
65.668198
-142.794586
-65.869629
93.775749
63.168739
-46.349983
6.175428
-53.729359
66.528831
74.558243
96.998512
125.225082
-28.395948
-77.295753
-21.474346
-40.829185
-73.743401
-82.184822
-12.730792
19.615763
87.064735
56.402779
144.570755
139.178146
-55.688648
1.570183
133.895386
-32.543411
55.771046
130.764175
-98.811310
-82.230598
-120.152893
119.640182
-106.419563
-92.283394
-51.239052
-109.743034
102.189697
46.954250
-27.526171
101.649513
-75.299843
75.052643
-86.222420
110.768456
113.313690
-97.245705
125.426498
-117.744987
123.567924
-140.377518
89.719841
-125.142677
-70.126953
1.277196
-48.730427
-17.253641
-76.764732
79.328278
-116.380814
-40.197453
-143.188263
127.156898
-19.862974
5.150002
54.937901
-35.436569
-89.893799
37.844486
-148.718216
-25.374619
130.388809
-61.044647
71.774948
-44.454788
-6.651512
-110.814232
27.727587
-98.976105
-58.188118
80.170601
35.152744
111.986145
131.469147
127.358315
-74.549088
-7.182536
-28.606527
-136.999115
63.553261
135.433517
-76.462601
37.038784
138.711212
144.058044
-148.571732
104.029976
143.893250
104.002495
59.048740
24.541462
9.251690
-52.529984
-89.701530
-41.241188
-94.691307
119.649338
-130.187378
-19.331949
81.470688
-102.052368
55.633717
-9.141818
-144.451736
67.929626
-55.551319
-143.929871
19.908751
8.555871
120.024719
-46.285896
-120.253609
90.296638
-94.663841
49.206520
89.371941
39.016396
-130.773331
-15.358437
101.777710
-31.197542
48.043762
106.630150
-102.510147
136.815994
-127.111115
111.491737
-91.944641
123.439751
-56.695766
-64.001884
99.845871
90.626244
-62.298962
-128.228088
-66.089363
21.822256
1.469475
-68.625443
-132.549515
-103.645439
-96.852013
144.351013
112.398148
1.551872
-0.544757
11.174351
16.942352
135.699036
99.690231
-6.495863
85.563217
-95.094147
-29.815060
-31.490520
103.059479
67.087303
-30.547501
-74.329361
-121.617783
-73.889885
-145.440536
-65.887939
-26.198610
29.256571
-50.524914
-141.512802
-64.981537
71.152374
15.916925
51.715134
87.943665
57.235943
17.372667
-97.502060
-82.358772
29.989010
-83.054596
-34.054077
-4.829550
110.878319
-0.453204
55.258335
-132.183289
61.355942
59.186069
-77.304909
78.595840
115.858948
141.906494
7.979071
130.278931
-109.990234
-15.037992
-117.937256
-40.105900
117.204811
143.032623
-35.299229
39.245277
116.518143
141.824097
-56.329536
-133.153778
-54.690697
-50.067142
73.908195
-132.677689
139.480270
109.504990
-15.376747
-136.568802
-105.549789
-83.796196
-27.361366
36.773281
90.324104
89.399406
9.855956
-57.602165
13.802004
22.783596
-56.805630
-6.660667
-119.411301
-43.502605
15.038002
80.344551
110.933250
-38.943146
82.239746
42.623680
-138.344986
73.825798
-38.027592
-44.720303
-132.164978
78.678238
-117.589340
148.855560
97.035133
-30.574966
-133.538315
126.754044
-30.529190
-112.315742
26.555676
-103.764458
47.109890
-24.221018
-1.249731
-121.626945
44.747757
135.259567
94.251839
-87.174599
-133.584091
131.789612
-3.657639
122.945343
20.027769
36.883144
-18.965731
-43.209629
13.444930
-52.777184
-110.567032
-30.053106
85.187836
-127.916809
-69.989624
-34.731594
72.818687
-70.355843
38.833271
-144.259476
-127.916809
-57.391582
76.004829
-134.316544
90.131844
73.917351
-13.719598
136.074402
145.632812
93.134865
102.171387
-50.396740
-80.793175
114.091927
117.397072
-58.865627
107.225258
94.471565
-90.836815
9.031945
-118.156990
37.908573
137.044891
-106.804100
-89.143044
-10.725734
96.797081
-64.734337
40.078426
-36.260571
57.226788
-13.335067
-8.427689
100.248726
-141.888184
-19.808043
-119.063385
-19.963682
97.474586
130.636002
-93.501083
100.825523
86.112556
80.152290
-86.213264
-52.731407
97.767570
53.994869
-11.641288
148.388611
-7.173371
42.239143
79.987495
-137.585068
-56.137276
73.020119
111.491737
-120.033875
140.990936
-6.862083
75.208282
-114.119385
105.247665
21.391958
70.355843
70.484016
-111.848816
-109.541611
84.217361
30.968660
-114.522232
-57.144382
70.566414
53.363140
43.392742
-103.425705
128.118240
115.822327
-14.873198
146.218765
132.403030
-96.183662
-63.663136
114.915916
124.098946
-22.106079
77.121803
22.994167
-93.189796
-115.474411
-1.057470
-11.192661
57.739502
-49.124123
94.654694
127.440712
103.938408
-146.172974
-40.490429
62.839134
-32.250435
104.185616
131.579041
19.139688
134.133423
136.440628
149.404892
106.639305
43.255413
44.875950
-144.717239
-31.884214
61.447495
-43.383587
-77.845085
-98.783836
-66.473892
-117.882317
132.146683
-77.643669
-30.281988
33.935059
85.142059
-12.163157
-29.705187
-45.828117
-34.704121
-62.079227
41.003143
41.433460
43.676575
-20.723597
102.464371
-82.221443
145.156723
-28.460035
146.630753
-73.679306
-142.318497
133.684799
143.426315
-99.836731
112.187561
-64.368118
-149.285873
-6.788841
10.844761
-109.074684
130.782486
113.505974
32.406075
15.953547
26.207775
49.792473
92.191833
-28.597372
-101.356544
131.817078
-14.809111
51.614426
83.320107
15.047157
-9.700307
-62.656029
-37.597275
-69.541000
-136.266678
77.707764
110.631126
-110.054321
-0.077820
-83.292641
115.941345
-11.915955
-12.144836
-69.669182
128.566849
-9.306622
141.100800
-110.576187
-58.545185
-148.928802
29.476297
14.250612
55.395679
-55.670338
-109.193703
136.303299
31.701099
-39.501633
-149.551376
-67.123932
85.801254
47.064114
127.138588
-149.725327
24.752033
141.576904
-147.024445
80.921349
-18.178350
-115.135658
85.892830
-89.674065
51.275681
-144.396805
-57.501446
-100.587486
-23.561811
-83.256020
129.738754
-82.267220
-105.714592
-85.526596
103.086945
-6.642356
-10.460222
20.412308
129.857788
-5.049285
61.456650
-42.477188
-114.696190
11.732841
-143.536179
100.495934
60.065014
146.887115
-30.208746
91.084007
106.657616
90.104378
-30.986971
59.231846
103.508110
-115.218056
142.996002
90.379036
-135.589157
-144.305252
-71.051674
29.705196
-28.295240
-87.495041
21.144749
63.992733
-38.943146
95.002594
14.021730
-28.496656
136.303299
-124.584183
83.063759
-119.173256
142.144547
-116.206856
56.494331
128.969696
-126.900543
-28.368483
-119.045074
59.579765
46.670437
-20.220037
-65.851318
-48.162781
-81.196022
125.939209
87.797180
-79.383224
-29.970699
-122.396011
-126.195564
-21.483501
140.093689
26.015495
-142.996002
-99.479660
-60.641804
-73.496201
-32.671593
81.736191
15.248573
21.373631
-5.223245
-71.024200
101.429787
110.328987
100.157173
76.764732
128.374588
-115.392006
-55.203403
-131.725510
23.039944
-9.883422
-7.704395
-7.887509
-124.044006
-64.734337
-14.470347
-84.784996
-96.092102
109.230316
-48.126160
2.760404
86.066780
26.134533
-60.010071
65.604111
102.088989
60.879852
-58.893093
25.823235
49.929802
-7.878354
98.005608
141.164886
-128.200623
118.211922
-45.141453
-121.251564
66.144295
61.520737
-149.029510
79.026154
113.917961
126.909706
-88.364815
0.096130
-102.739037
29.906612
39.135414
-116.335030
-61.282692
-139.754929
-42.907494
32.634972
38.970619
-103.590500
11.320835
141.375458
-58.572651
-63.315224
-19.917906
69.119850
101.704468
-137.420273
-102.748192
97.172462
-109.999390
-0.059509
141.137421
60.467846
4.792929
-6.312757
-7.704395
-105.723747
125.572983
-138.445694
13.481551
86.460472
83.127846
142.584000
-45.315411
76.096382
75.281525
5.983150
-63.415932
-11.037022
106.245605
135.973694
-84.638512
-149.377426
-122.258675
-41.817989
82.157349
-132.384720
-89.967041
-76.691490
-99.827568
117.452003
20.906712
-86.341438
-67.361984
-61.978519
140.835281
-11.915955
-35.317551
-142.876984
-107.600639
-68.909264
-27.727594
52.493370
112.086853
-78.339485
141.412079
-16.759237
42.513817
-12.630084
-109.450058
83.201088
-26.546530
-40.408031
-100.404366
-43.237103
59.488213
-4.811239
-101.695305
-32.085640
-7.466349
80.491035
117.525261
63.058876
-142.519913
83.118690
56.164742
18.205816
-51.101715
-32.708214
67.178879
51.303146
-123.055206
-61.804562
15.569025
-9.883422
140.807816
131.139557
-88.392281
136.486404
